S3-2 S10-1
[(0.8875, 0.9), (0.03125, 0.046875), (0.1, 0.11249999999999999)]
[(0.89375, 0.9), (0.0234375, 0.03125), (0.1, 0.11249999999999999)]
[(0.89375, 0.9), (0.03125, 0.0390625), (0.11249999999999999, 0.11875)]
[(0.8875, 0.89375), (0.02734375, 0.03125), (0.1, 0.10625000000000001)]
[(0.88125, 0.8875), (0.03125, 0.0390625), (0.1, 0.10625000000000001)]
[(0.89375, 0.9), (0.03125, 0.03125), (0.1, 0.11249999999999999)]
[(0.890625, 0.89375), (0.0234375, 0.02734375), (0.1, 0.10625000000000001)]
[(0.88125, 0.8875), (0.0390625, 0.046875), (0.1, 0.11249999999999999)]
[(0.875, 0.88125), (0.0390625, 0.046875), (0.1, 0.10625000000000001)]
[(0.88125, 0.88125), (0.03515625, 0.0390625), (0.1, 0.10625000000000001)]
[(0.86875, 0.875), (0.0546875, 0.0625), (0.1, 0.11249999999999999)]
[(0.86875, 0.875), (0.046875, 0.0546875), (0.1, 0.10625000000000001)]
[(0.8625, 0.86875), (0.0546875, 0.0625), (0.1, 0.10625000000000001)]
[(0.875, 0.8875), (0.046875, 0.0625), (0.1, 0.11249999999999999)]
[(0.871875, 0.875), (0.046875, 0.046875), (0.1, 0.10625000000000001)]
[(0.875, 0.875), (0.04296875, 0.046875), (0.1, 0.10625000000000001)]
[(0.875, 0.88125), (0.04296875, 0.046875), (0.10625000000000001, 0.11249999999999999)]
[(0.85625, 0.8625), (0.05859375, 0.0625), (0.1, 0.10625000000000001)]
[(0.8875, 0.89375), (0.03515625, 0.046875), (0.11249999999999999, 0.11875)]
[(0.8875, 0.8875), (0.03125, 0.0390625), (0.1, 0.11249999999999999)]
[(0.875, 0.8875), (0.0546875, 0.0625), (0.11249999999999999, 0.125)]
[(0.875, 0.875), (0.0546875, 0.0625), (0.1, 0.11249999999999999)]
[(0.86875, 0.875), (0.05859375, 0.0625), (0.11249999999999999, 0.11875)]
[(0.88125, 0.8875), (0.04296875, 0.046875), (0.11249999999999999, 0.11875)]
[(0.8875, 0.8875), (0.0390625, 0.046875), (0.11249999999999999, 0.11875)]
[(0.8875, 0.9), (0.046875, 0.0625), (0.1, 0.125)]
[(0.8875, 0.8875), (0.0390625, 0.046875), (0.1, 0.11249999999999999)]
[(0.875, 0.8875), (0.046875, 0.046875), (0.1, 0.11249999999999999)]
[(0.8875, 0.89375), (0.046875, 0.0546875), (0.125, 0.13125)]
[(0.8875, 0.89375), (0.04296875, 0.046875), (0.11875, 0.125)]
[(0.88125, 0.8875), (0.046875, 0.0546875), (0.11249999999999999, 0.11875)]
[(0.8875, 0.89375), (0.046875, 0.046875), (0.11249999999999999, 0.11875)]
[(0.8875, 0.9), (0.0546875, 0.0625), (0.125, 0.1375)]
[(0.89375, 0.9), (0.046875, 0.0546875), (0.125, 0.1375)]
[(0.89375, 0.9), (0.0546875, 0.0625), (0.1375, 0.14375)]
[(0.88125, 0.8875), (0.0546875, 0.0625), (0.125, 0.13125)]
[(0.89375, 0.9), (0.05859375, 0.0625), (0.14375, 0.15)]
[(0.89375, 0.9), (0.0390625, 0.046875), (0.11249999999999999, 0.125)]
[(0.89375, 0.9), (0.04296875, 0.046875), (0.125, 0.13125)]
[(0.8875, 0.890625), (0.025390625, 0.02734375), (0.1, 0.10625000000000001)]
